

3.0   5.0
3.0   6.0
3.0   7.0
4.0   4.0
5.0   4.0
6.0   4.0
7.0   4.0
2.0   4.0
1.0   4.0
0.0   4.0
4.0   3.0
5.0   2.0
6.0   1.0
7.0   0.0
2.0   3.0
1.0   2.0
0.0   1.0
4.0   5.0
5.0   6.0
6.0   7.0
2.0   5.0
1.0   6.0
0.0   7.0
3.0   3.0
3.0   2.0
3.0   1.0
3.0   0.0
3.0   5.0
3.0   6.0
3.0   7.0
2.0   4.0
1.0   4.0
0.0   4.0
4.0   3.0
5.0   2.0
6.0   1.0
7.0   0.0
2.0   3.0
1.0   2.0
0.0   1.0
4.0   5.0
5.0   6.0
6.0   7.0
2.0   5.0
1.0   6.0
0.0   7.0
[java.awt.Point[x=5,y=3], java.awt.Point[x=5,y=5], java.awt.Point[x=1,y=5], java.awt.Point[x=1,y=3], java.awt.Point[x=4,y=2], java.awt.Point[x=2,y=2], java.awt.Point[x=4,y=6], java.awt.Point[x=2,y=6]]
0
